SELECT
plan_type_id,
count(parcel_id)
FROM psrc_2014_parcel_baseyear_just_friends.parcels
#from run_104_20180406_2014.parcels
where parcel_id in
(
2500
,2528
,2546
,210145
,210262
,210263
,210264
,210265
,210266
,210267
,210268
,210269
,210272
,224214
,224215
,224216
,224217
,224263
,224278
,224279
,224280
,224281
,224335
,224341
,224386
,224387
,224388
,224390
,224391
,224405
,224418
,224419
,224420
,224421
,224422
,224423
,224424
,224425
,224426
,224427
,229186
,229187
,229188
,229189
,229190
,229207
,229209
,229215
,229216
,229219
,229221
,229222
,229223
,229224
,229225
,229279
,229286
,229287
,229288
,229289
,229290
,229291
,229292
,233615
,233616
,233617
,233619
,233620
,233621
,233622
,233623
,233624
,233625
,233626
,233627
,233628
,233629
,233630
,233631
,233632
,233633
,233634
,233635
,233636
,233637
,233638
,233639
,233640
,233641
,233642
,233643
,233644
,233646
,233648
,233649
,233717
,233719
,233720
,233721
,233722
,233726
,233727
,233728
,233729
,233734
,233735
,233736
,233737
,233738
,233739
,233740
,233741
,233742
,233743
,233744
,238112
,238224
,238304
,238336
,238337
,238338
,238339
,238352
,238432
,238433
,238458
,238471
,238472
,238473
,238474
,238475
,238476
,238477
,238478
,238479
,238480
,238481
,242838
,242839
,242840
,242841
,242857
,242858
,242861
,242862
,242863
,242864
,242865
,242880
,242881
,242882
,242883
,242884
,242891
,242892
,242893
,242894
,242895
,242896
,242897
,242898
,242899
,242902
,242909
,242914
,242915
,242916
,242975
,242976
,242977
,242978
,243109
,243111
,243125
,243139
,243140
,243141
,243142
,243143
,243144
,243145
,246896
,246897
,246898
,246907
,246942
,246943
,246944
,246945
,246946
,246953
,246954
,246955
,246956
,246960
,246961
,246962
,246963
,246964
,246965
,247001
,247002
,247003
,247004
,247005
,247006
,247007
,247008
,247009
,247010
,247011
,247012
,247013
,247014
,247026
,247027
,247028
,247029
,247032
,247034
,247066
,247333
,247363
,247370
,247388
,247391
,247396
,247397
,247398
,247402
,247403
,247404
,247433
,247451
,247452
,247458
,247459
,247460
,247461
,247462
,247463
,247464
,247465
,247466
,247468
,247469
,247536
,247541
,247542
,247543
,247544
,247545
,247546
,247547
,247548
,247549
,247550
,247551
,247552
,247553
,247554
,247555
,247556
,247557
,247558
,247559
,247560
,247561
,247562
,247563
,247564
,247565
,247566
,247681
,247704
,247705
,247707
,247711
,247712
,247714
,247715
,247716
,247717
,247718
,247729
,254149
,254974
,256557
,257080
,258499
)
group by plan_type_id
;

select *
from psrc_2014_parcel_baseyear_just_friends.development_constraints
#from run_104_20180406_2014.development_constraints
where plan_type_id in (97);
