create database allocation_controls_lr60_redo;

create table allocation_controls_lr60_redo.luv_hh_pop_control LIKE allocation_controls_ppa.luv_hh_pop_control;



insert into allocation_controls_lr60_redo.luv_hh_pop_control (city_id, year, total_hh, total_hhpop, emp)
VALUES
(2009,2017,94185,163960,326778),
(2009,2020,104779,183718,342193),
(2009,2025,121907,217531,361962),
(2009,2030,140484,250381,382314),
(2009,2035,158526,279958,403669),
(2009,2040,176948,308499,427152),
(2009,2045,195202,337262,449905),
(2009,2050,211568,365666,471506),
(2013,2017,6250,10964,65086),
(2013,2020,8809,16545,71811),
(2013,2025,12946,26096,80435),
(2013,2030,17432,35375,89314),
(2013,2035,21790,43729,98630),
(2013,2040,26239,51791,108875),
(2013,2045,30648,59915,118801),
(2013,2050,34601,67938,128225),
(2004,2017,1840,4715,18532),
(2004,2020,2444,6200,21333),
(2004,2025,3420,8742,24924),
(2004,2030,4478,11212,28621),
(2004,2035,5505,13436,32500),
(2004,2040,6555,15582,36767),
(2004,2045,7595,17744,40899),
(2004,2050,8527,19879,44822),
(2007,2017,483,1146,628),
(2007,2020,1502,3675,2509),
(2007,2025,3147,8004,4921),
(2007,2030,4932,12209,7404),
(2007,2035,6665,15995,10010),
(2007,2040,8435,19649,12876),
(2007,2045,10189,23331,15652),
(2007,2050,11761,26967,18287),
(2008,2017,532,1284,949),
(2008,2020,901,2166,2207),
(2008,2025,1498,3675,3820),
(2008,2030,2145,5141,5481),
(2008,2035,2774,6461,7224),
(2008,2040,3415,7735,9141),
(2008,2045,4051,9018,10998),
(2008,2050,4621,10286,12761),
(2014,2017,235,431,2099),
(2014,2020,814,1644,3160),
(2014,2025,1750,3719,5232),
(2014,2030,2766,5735,7044),
(2014,2035,3753,7551,8945),
(2014,2040,4759,9303,11036),
(2014,2045,5757,11068,13062),
(2014,2050,6651,12811,14986),
(2015,2017,2920,5964,25918),
(2015,2020,4673,9763,28736),
(2015,2025,7508,16264,32349),
(2015,2030,10582,22581,36069),
(2015,2035,13567,28269,39972),
(2015,2040,16616,33757,44264),
(2015,2045,19636,39287,48422),
(2015,2050,22345,44749,52371),
(2020,2017,1062,2348,4521),
(2020,2020,1999,4610,6247),
(2020,2025,3514,8481,8462),
(2020,2030,5155,12242,10740),
(2020,2035,6752,15628,13133),
(2020,2040,8381,18896,15762),
(2020,2045,9995,22189,18311),
(2020,2050,11441,25442,20730),
(2022,2017,0,0,2450),
(2022,2020,720,1525,5241),
(2022,2025,1885,4133,8819),
(2022,2030,3148,6668,12502),
(2022,2035,4374,8949,16367),
(2022,2040,5626,11152,20618),
(2022,2045,6868,13371,24736),
(2022,2050,7980,15563,28646),
(2005,2017,1219,3152,466),
(2005,2020,1635,4054,1012),
(2005,2025,2308,5598,1713),
(2005,2030,3038,7098,2435),
(2005,2035,3747,8448,3192),
(2005,2040,4471,9752,4024),
(2005,2045,5187,11065,4830),
(2005,2050,5831,12362,5596),
(2018,2017,105,279,314),
(2018,2020,375,887,862),
(2018,2025,810,1928,1565),
(2018,2030,1282,2939,2290),
(2018,2035,1741,3849,3050),
(2018,2040,2209,4728,3885),
(2018,2045,2673,5614,4695),
(2018,2050,3090,6488,5464),
(2019,2017,0,0,0),
(2019,2020,0,0,0),
(2019,2025,0,0,0),
(2019,2030,0,0,0),
(2019,2035,0,0,0),
(2019,2040,0,0,0),
(2019,2045,0,0,0),
(2019,2050,0,0,0),
(2025,2017,0,0,0),
(2025,2020,0,0,0),
(2025,2025,0,0,0),
(2025,2030,0,0,0),
(2025,2035,0,0,0),
(2025,2040,0,0,0),
(2025,2045,0,0,0),
(2025,2050,0,0,0),
(2059,2017,12097,23439,49589),
(2059,2020,16515,33002,57126),
(2059,2025,23658,49366,66791),
(2059,2030,31406,65265,76739),
(2059,2035,38931,79580,87180),
(2059,2040,46614,93394,98661),
(2059,2045,54226,107315,109785),
(2059,2050,61053,121062,120346),
(2080,2017,120,224,524),
(2080,2020,723,1528,777),
(2080,2025,1696,3759,1102),
(2080,2030,2752,5926,1435),
(2080,2035,3779,7878,1786),
(2080,2040,4826,9762,2171),
(2080,2045,5864,11659,2545),
(2080,2050,6794,13534,2899),
(2081,2017,534,1244,869),
(2081,2020,604,1395,882),
(2081,2025,719,1652,898),
(2081,2030,842,1903,914),
(2081,2035,963,2128,931),
(2081,2040,1085,2346,950),
(2081,2045,1207,2566,969),
(2081,2050,1315,2782,986),
(2083,2017,324,900,829),
(2083,2020,545,1373,1213),
(2083,2025,899,2183,1887),
(2083,2030,1285,2970,2499),
(2083,2035,1659,3680,3139),
(2083,2040,2041,4364,3845),
(2083,2045,2420,5053,4528),
(2083,2050,2759,5734,5177),
(2095,2017,983,1848,4375),
(2095,2020,3406,7396,10616),
(2095,2025,7324,16889,18619),
(2095,2030,11573,26113,26858),
(2095,2035,15700,34417,35504),
(2095,2040,19914,42431,45011),
(2095,2045,24089,50507,54222),
(2095,2050,27833,58482,62967),
(2094,2017,438,992,3693),
(2094,2020,1178,2723,5623),
(2094,2025,2375,5684,8098),
(2094,2030,3673,8561,10645),
(2094,2035,4934,11152,13319),
(2094,2040,6221,13652,16259),
(2094,2045,7497,16171,19107),
(2094,2050,8641,18658,21811),
(2101,2017,458,992,98),
(2101,2020,923,2024,489),
(2101,2025,1674,3791,989),
(2101,2030,2488,5507,1504),
(2101,2035,3280,7052,2045),
(2101,2040,4087,8543,2639),
(2101,2045,4888,10046,3215),
(2101,2050,5605,11530,3761),
(2102,2017,22,55,49),
(2102,2020,812,1833,317),
(2102,2025,2089,4875,663),
(2102,2030,3474,7831,1018),
(2102,2035,4820,10493,1390),
(2102,2040,6194,13061,1800),
(2102,2045,7553,15650,2197),
(2102,2050,8774,18206,2573),
(2103,2017,105,288,80),
(2103,2020,206,563,80),
(2103,2025,626,1752,80),
(2103,2030,1402,3810,80),
(2103,2035,2502,6572,80),
(2103,2040,3952,10060,80),
(2103,2045,5733,14331,80),
(2103,2050,7690,19244,80),
(2104,2017,36,101,2),
(2104,2020,43,119,2),
(2104,2025,74,198,2),
(2104,2030,131,335,2),
(2104,2035,211,519,2),
(2104,2040,318,750,2),
(2104,2045,448,1034,2),
(2104,2050,594,1367,2),
(2108,2017,324,892,279),
(2108,2020,512,1378,570),
(2108,2025,817,2209,943),
(2108,2030,1148,3016,1328),
(2108,2035,1468,3743,1731),
(2108,2040,1796,4444,2175),
(2108,2045,2120,5151,2604),
(2108,2050,2411,5849,3013),
(2109,2017,1989,4883,3262),
(2109,2020,2405,5961,3660),
(2109,2025,3078,7803,4172),
(2109,2030,3807,9594,4697),
(2109,2035,4517,11206,5248),
(2109,2040,5240,12761,5855),
(2109,2045,5958,14329,6444),
(2109,2050,6600,15878,7001),
(3009,2017,112294,233658,181910),
(3009,2020,115751,240106,188436),
(3009,2025,121341,251141,196804),
(3009,2030,127403,261861,205420),
(3009,2035,133292,271513,214460),
(3009,2040,139304,280828,224401),
(3009,2045,145261,290214,234033),
(3009,2050,150602,299484,243177),
(3013,2017,9962,22568,30189),
(3013,2020,10391,23503,31348),
(3013,2025,11084,25103,32834),
(3013,2030,11836,26658,34363),
(3013,2035,12566,28058,35969),
(3013,2040,13311,29409,37734),
(3013,2045,14050,30770,39444),
(3013,2050,14712,32115,41068),
(3002,2017,5030,13055,14034),
(3002,2020,5745,14795,15981),
(3002,2025,7144,18388,18932),
(3002,2030,8968,22651,22486),
(3002,2035,11069,27267,26732),
(3002,2040,13526,32424,31910),
(3002,2045,16289,38269,37556),
(3002,2050,19146,44718,43089),
(3004,2017,2745,6992,9606),
(3004,2020,3076,7807,10656),
(3004,2025,3612,9202,12003),
(3004,2030,4192,10557,13390),
(3004,2035,4756,11777,14845),
(3004,2040,5332,12954,16445),
(3004,2045,5903,14141,17995),
(3004,2050,6414,15312,19467),
(3007,2017,8818,23874,12774),
(3007,2020,9148,24693,13135),
(3007,2025,9680,26094,13598),
(3007,2030,10258,27455,14075),
(3007,2035,10819,28680,14576),
(3007,2040,11392,29863,15126),
(3007,2045,11959,31054,15659),
(3007,2050,12468,32231,16166),
(3008,2017,1274,3705,22978),
(3008,2020,1651,4607,24140),
(3008,2025,2261,6149,25631),
(3008,2030,2923,7648,27166),
(3008,2035,3566,8998,28776),
(3008,2040,4222,10300,30547),
(3008,2045,4872,11612,32262),
(3008,2050,5455,12908,33891),
(3012,2017,9802,21514,35266),
(3012,2020,11536,25457,38534),
(3012,2025,14933,33597,43490),
(3012,2030,19360,43255,49456),
(3012,2035,24006,52719,56584),
(3012,2040,28071,60398,64560),
(3012,2045,32100,68135,71200),
(3012,2050,35714,75776,77504),
(3014,2017,12218,25525,31129),
(3014,2020,12745,26629,33103),
(3014,2025,13597,28517,35634),
(3014,2030,14521,30352,38240),
(3014,2035,15419,32004,40975),
(3014,2040,16335,33598,43982),
(3014,2045,17243,35205,46896),
(3014,2050,18056,36791,49662),
(3015,2017,5406,12183,32357),
(3015,2020,5682,12782,33198),
(3015,2025,6129,13807,34276),
(3015,2030,6614,14803,35386),
(3015,2035,7085,15699,36551),
(3015,2040,7565,16565,37831),
(3015,2045,8041,17436,39072),
(3015,2050,8468,18297,40250),
(3020,2017,6081,15468,6748),
(3020,2020,6282,15954,6935),
(3020,2025,6608,16787,7175),
(3020,2030,6961,17595,7422),
(3020,2035,7304,18323,7681),
(3020,2040,7654,19025,7966),
(3020,2045,8001,19733,8242),
(3020,2050,8312,20433,8504),
(3022,2017,0,0,8490),
(3022,2020,102,217,8777),
(3022,2025,268,588,9146),
(3022,2030,448,949,9525),
(3022,2035,623,1274,9924),
(3022,2040,801,1587,10361),
(3022,2045,977,1903,10786),
(3022,2050,1136,2215,11188),
(3023,2017,6471,16491,7254),
(3023,2020,7005,17741,7935),
(3023,2025,8051,20321,8968),
(3023,2030,9414,23382,10061),
(3023,2035,10726,26114,11140),
(3023,2040,11945,28481,12326),
(3023,2045,13152,30867,13477),
(3023,2050,14234,33224,14568),
(3028,2017,992,2037,2353),
(3028,2020,1125,2324,2802),
(3028,2025,1386,2916,3483),
(3028,2030,1725,3619,4302),
(3028,2035,2117,4379,5282),
(3028,2040,2574,5229,6476),
(3028,2045,3089,6193,7779),
(3028,2050,3621,7256,9163),
(3005,2017,3715,7629,6201),
(3005,2020,3904,8040,6457),
(3005,2025,4211,8742,6786),
(3005,2030,4543,9425,7125),
(3005,2035,4865,10039,7480),
(3005,2040,5195,10632,7870),
(3005,2045,5521,11230,8248),
(3005,2050,5814,11821,8608),
(3006,2017,748,2128,626),
(3006,2020,804,2264,678),
(3006,2025,912,2546,758),
(3006,2030,1054,2881,854),
(3006,2035,1217,3243,968),
(3006,2040,1408,3647,1108),
(3006,2045,1623,4106,1260),
(3006,2050,1845,4612,1413),
(3011,2017,2701,7597,2168),
(3011,2020,2749,7713,2350),
(3011,2025,2843,7953,2625),
(3011,2030,2965,8237,2956),
(3011,2035,3105,8545,3352),
(3011,2040,3270,8889,3835),
(3011,2045,3455,9279,4361),
(3011,2050,3632,9675,4920),
(3018,2017,769,2122,1037),
(3018,2020,910,2439,1268),
(3018,2025,1137,2983,1564),
(3018,2030,1384,3511,1869),
(3018,2035,1623,3987,2189),
(3018,2040,1868,4445,2541),
(3018,2045,2110,4908,2882),
(3018,2050,2328,5365,3205),
(3019,2017,0,0,0),
(3019,2020,0,0,0),
(3019,2025,0,0,0),
(3019,2030,0,0,0),
(3019,2035,0,0,0),
(3019,2040,0,0,0),
(3019,2045,0,0,0),
(3019,2050,0,0,0),
(3025,2017,101,305,17),
(3025,2020,121,358,19),
(3025,2025,154,450,22),
(3025,2030,190,539,25),
(3025,2035,224,619,28),
(3025,2040,260,696,32),
(3025,2045,295,774,35),
(3025,2050,326,850,38),
(3026,2017,2447,5602,2273),
(3026,2020,2751,6302,2720),
(3026,2025,3345,7748,3374),
(3026,2030,4119,9463,4010),
(3026,2035,5011,11321,4678),
(3026,2040,6055,13396,5413),
(3026,2045,7227,15749,6124),
(3026,2050,8300,18044,6800),
(3030,2017,427,903,1501),
(3030,2020,519,1105,1753),
(3030,2025,698,1521,2136),
(3030,2030,932,2016,2597),
(3030,2035,1201,2551,3148),
(3030,2040,1516,3149,3819),
(3030,2045,1870,3827,4552),
(3030,2050,2236,4574,5330),
(3033,2017,468,1159,748),
(3033,2020,517,1269,771),
(3033,2025,613,1497,807),
(3033,2030,738,1768,849),
(3033,2035,882,2060,900),
(3033,2040,1050,2387,962),
(3033,2045,1220,2716,1029),
(3033,2050,1341,2972,1101),
(3043,2017,1091,2298,1266),
(3043,2020,1192,2533,1380),
(3043,2025,1390,3020,1528),
(3043,2030,1648,3598,1679),
(3043,2035,1946,4224,1838),
(3043,2040,2294,4923,2013),
(3043,2045,2685,5715,2182),
(3043,2050,3005,6410,2343),
(3065,2017,1933,4000,4160),
(3065,2020,2305,4801,4625),
(3065,2025,3033,6455,5329),
(3065,2030,3981,8418,6178),
(3065,2035,5074,10544,7191),
(3065,2040,6352,12918,8427),
(3065,2045,7789,15609,9775),
(3065,2050,9275,18579,11208),
(3070,2017,1254,2188,9177),
(3070,2020,1437,2603,9250),
(3070,2025,1796,3459,9362),
(3070,2030,2264,4474,9496),
(3070,2035,2803,5574,9656),
(3070,2040,3433,6803,9851),
(3070,2045,4142,8195,10064),
(3070,2050,4875,9732,10290),
(3064,2017,378,732,2473),
(3064,2020,391,762,2504),
(3064,2025,418,825,2552),
(3064,2030,452,899,2610),
(3064,2035,491,979,2678),
(3064,2040,537,1068,2762),
(3064,2045,588,1170,2853),
(3064,2050,642,1281,2950),
(3069,2017,162,298,1724),
(3069,2020,164,302,1724),
(3069,2025,167,309,1724),
(3069,2030,170,318,1724),
(3069,2035,175,327,1724),
(3069,2040,180,338,1724),
(3069,2045,186,349,1724),
(3069,2050,192,363,1724),
(3071,2017,227,383,398),
(3071,2020,229,388,464),
(3071,2025,234,398,565),
(3071,2030,239,410,686),
(3071,2035,246,423,831),
(3071,2040,253,437,1007),
(3071,2045,262,453,1199),
(3071,2050,271,471,1404),
(3059,2017,7237,17047,14191),
(3059,2020,8250,19239,15689),
(3059,2025,9887,22990,17609),
(3059,2030,11663,26634,19586),
(3059,2035,13388,29915,21661),
(3059,2040,15149,33082,23943),
(3059,2045,16894,36272,26153),
(3059,2050,18458,39423,28252),
(3079,2017,3448,7706,10661),
(3079,2020,4488,9897,12118),
(3079,2025,6524,14422,14327),
(3079,2030,9060,19540,16986),
(3079,2035,11247,23590,19607),
(3079,2040,13481,27498,22339),
(3079,2045,15694,31436,24986),
(3079,2050,17678,35326,27500),
(3080,2017,3727,8165,3895),
(3080,2020,3903,8546,4222),
(3080,2025,4187,9197,4640),
(3080,2030,4496,9830,5072),
(3080,2035,4795,10400,5524),
(3080,2040,5101,10950,6021),
(3080,2045,5404,11504,6503),
(3080,2050,5676,12051,6961),
(3085,2017,3242,6653,11582),
(3085,2020,4022,8401,12905),
(3085,2025,5548,12009,14912),
(3085,2030,7539,16290,17328),
(3085,2035,9830,20926,20214),
(3085,2040,12511,26106,23432),
(3085,2045,15015,30924,26118),
(3085,2050,16923,34902,28669),
(3138,2017,0,0,0),
(3138,2020,0,0,0),
(3138,2025,0,0,0),
(3138,2030,0,0,0),
(3138,2035,0,0,0),
(3138,2040,0,0,0),
(3138,2045,0,0,0),
(3138,2050,0,0,0),
(3076,2017,0,0,204),
(3076,2020,0,0,208),
(3076,2025,0,0,214),
(3076,2030,0,0,222),
(3076,2035,0,0,231),
(3076,2040,0,0,241),
(3076,2045,0,0,253),
(3076,2050,0,0,266),
(3081,2017,13,36,0),
(3081,2020,13,37,0),
(3081,2025,14,37,0),
(3081,2030,14,38,0),
(3081,2035,15,39,0),
(3081,2040,15,40,0),
(3081,2045,15,41,0),
(3081,2050,16,42,0),
(3083,2017,0,0,0),
(3083,2020,0,0,0),
(3083,2025,0,0,0),
(3083,2030,0,0,0),
(3083,2035,0,0,0),
(3083,2040,0,0,0),
(3083,2045,0,0,0),
(3083,2050,0,0,0),
(3088,2017,597,1424,1136),
(3088,2020,648,1533,1254),
(3088,2025,749,1758,1433),
(3088,2030,880,2025,1648),
(3088,2035,1030,2314,1905),
(3088,2040,1207,2637,2218),
(3088,2045,1405,3003,2560),
(3088,2050,1610,3407,2924),
(3166,2017,2124,5150,4053),
(3166,2020,2211,5378,4230),
(3166,2025,2383,5850,4499),
(3166,2030,2605,6410,4822),
(3166,2035,2862,7016,5208),
(3166,2040,3163,7693,5679),
(3166,2045,3501,8460,6193),
(3166,2050,3850,9306,6740),
(3095,2017,6123,12881,20259),
(3095,2020,6968,14815,22503),
(3095,2025,8333,18124,25380),
(3095,2030,9814,21339,28342),
(3095,2035,11253,24233,31451),
(3095,2040,12722,27027,34869),
(3095,2045,14177,29841,38181),
(3095,2050,15482,32622,41325),
(3094,2017,2170,4703,12955),
(3094,2020,2718,5985,13920),
(3094,2025,3605,8178,15158),
(3094,2030,4566,10309,16432),
(3094,2035,5500,12227,17769),
(3094,2040,6453,14078,19239),
(3094,2045,7398,15944,20663),
(3094,2050,8245,17786,22015),
(3139,2017,453,1013,12086),
(3139,2020,599,1357,12735),
(3139,2025,884,2066,13718),
(3139,2030,1257,2908,14903),
(3139,2035,1685,3820,16096),
(3139,2040,2186,4839,17321),
(3139,2045,2750,5993,18508),
(3139,2050,3333,7267,19635),
(3098,2017,1547,3077,5808),
(3098,2020,1770,3550,5918),
(3098,2025,2208,4526,6085),
(3098,2030,2778,5685,6285),
(3098,2035,3435,6939,6525),
(3098,2040,4203,8341,6818),
(3098,2045,5067,9929,7137),
(3098,2050,5960,11682,7476),
(3099,2017,0,0,0),
(3099,2020,0,0,0),
(3099,2025,0,0,0),
(3099,2030,0,0,0),
(3099,2035,0,0,0),
(3099,2040,0,0,0),
(3099,2045,0,0,0),
(3099,2050,0,0,0),
(3100,2017,886,1624,3213),
(3100,2020,909,1677,3280),
(3100,2025,955,1786,3382),
(3100,2030,1014,1915,3505),
(3100,2035,1082,2056,3651),
(3100,2040,1162,2212,3830),
(3100,2045,1251,2390,4026),
(3100,2050,1344,2586,4233),
(3101,2017,0,0,2711),
(3101,2020,4,9,2713),
(3101,2025,11,25,2715),
(3101,2030,18,40,2717),
(3101,2035,25,54,2720),
(3101,2040,32,67,2723),
(3101,2045,39,80,2725),
(3101,2050,46,93,2728),
(3102,2017,237,682,1293),
(3102,2020,361,962,1365),
(3102,2025,563,1442,1457),
(3102,2030,781,1908,1552),
(3102,2035,993,2327,1651),
(3102,2040,1210,2732,1761),
(3102,2045,1424,3140,1867),
(3102,2050,1616,3543,1968),
(3103,2017,714,1943,1469),
(3103,2020,946,2572,1524),
(3103,2025,1321,3649,1595),
(3103,2030,1727,4695,1667),
(3103,2035,2122,5636,1743),
(3103,2040,2526,6545,1827),
(3103,2045,2925,7461,1908),
(3103,2050,3284,8365,1986),
(3104,2017,84,229,1443),
(3104,2020,151,394,1469),
(3104,2025,260,677,1502),
(3104,2030,377,952,1536),
(3104,2035,492,1200,1572),
(3104,2040,609,1439,1611),
(3104,2045,724,1680,1649),
(3104,2050,828,1917,1685),
(3105,2017,779,1773,336),
(3105,2020,929,2170,344),
(3105,2025,1223,2990,355),
(3105,2030,1606,3962,369),
(3105,2035,2047,5015,386),
(3105,2040,2563,6192,407),
(3105,2045,3143,7525,429),
(3105,2050,3743,8996,453),
(3106,2017,587,1294,2890),
(3106,2020,755,1732,3215),
(3106,2025,1084,2636,3708),
(3106,2030,1513,3709,4302),
(3106,2035,2006,4871,5011),
(3106,2040,2584,6168,5876),
(3106,2045,3233,7639,6820),
(3106,2050,3905,9262,7822),
(3108,2017,73,172,336),
(3108,2020,88,211,369),
(3108,2025,113,278,411),
(3108,2030,139,343,454),
(3108,2035,165,402,500),
(3108,2040,192,459,550),
(3108,2045,218,516,598),
(3108,2050,241,572,644),
(3109,2017,1286,3465,390),
(3109,2020,1298,3497,424),
(3109,2025,1318,3552,469),
(3109,2030,1340,3605,514),
(3109,2035,1361,3653,562),
(3109,2040,1383,3699,614),
(3109,2045,1404,3746,665),
(3109,2050,1423,3792,714),
(3111,2017,162,428,1105),
(3111,2020,167,442,1286),
(3111,2025,178,470,1559),
(3111,2030,191,503,1889),
(3111,2035,206,539,2283),
(3111,2040,224,579,2763),
(3111,2045,245,625,3287),
(3111,2050,266,675,3844),
(3118,2017,54,144,80),
(3118,2020,55,147,81),
(3118,2025,57,152,82),
(3118,2030,60,158,84),
(3118,2035,63,165,86),
(3118,2040,67,172,88),
(3118,2045,71,181,91),
(3118,2050,75,190,94),
(3120,2017,221,541,274),
(3120,2020,240,587,294),
(3120,2025,278,683,323),
(3120,2030,328,797,359),
(3120,2035,385,920,402),
(3120,2040,451,1057,454),
(3120,2045,526,1213,511),
(3120,2050,604,1385,572),
(9,2017,122587,287658,133672),
(9,2020,124149,290570,136110),
(9,2025,126673,295552,139237),
(9,2030,129410,300394,142454),
(9,2035,132069,304753,145832),
(9,2040,134784,308959,149546),
(9,2045,137474,313198,153144),
(9,2050,139886,317384,156560),
(13,2017,41323,106014,52430),
(13,2020,41655,106738,53306),
(13,2025,42191,107977,54429),
(13,2030,42773,109181,55586),
(13,2035,43339,110265,56799),
(13,2040,43916,111311,58133),
(13,2045,44488,112365,59427),
(13,2050,45001,113405,60654),
(2,2017,19856,55346,34412),
(2,2020,20789,57619,35904),
(2,2025,22055,60893,37361),
(2,2030,23121,63302,38348),
(2,2035,23827,64693,38865),
(2,2040,24236,65332,38925),
(2,2045,24314,65329,38354),
(2,2050,24003,64649,37640),
(4,2017,5550,16335,5799),
(4,2020,5654,16591,6227),
(4,2025,5821,17028,6776),
(4,2030,6004,17453,7340),
(4,2035,6181,17835,7933),
(4,2040,6361,18205,8585),
(4,2045,6540,18577,9217),
(4,2050,6701,18945,9816),
(7,2017,35775,100393,66072),
(7,2020,35924,100765,66322),
(7,2025,36167,101401,66641),
(7,2030,36429,102020,66970),
(7,2035,36684,102577,67315),
(7,2040,36944,103114,67694),
(7,2045,37203,103656,68062),
(7,2050,37434,104190,68411),
(8,2017,5494,14423,25143),
(8,2020,5577,14621,25412),
(8,2025,5711,14960,25757),
(8,2030,5856,15290,26112),
(8,2035,5997,15586,26485),
(8,2040,6142,15872,26894),
(8,2045,6285,16161,27291),
(8,2050,6413,16446,27668),
(12,2017,30635,80499,30414),
(12,2020,31499,82462,32145),
(12,2025,32303,84428,33599),
(12,2030,32433,84588,34233),
(12,2035,32213,83966,34030),
(12,2040,32665,84819,33669),
(12,2045,33113,85679,34407),
(12,2050,33514,86528,35107),
(14,2017,23839,59049,19403),
(14,2020,23962,59306,20087),
(14,2025,24161,59747,20252),
(14,2030,24376,60175,20743),
(14,2035,24585,60560,21258),
(14,2040,24799,60932,21825),
(14,2045,25010,61306,22373),
(14,2050,25201,61677,22894),
(15,2017,17174,43670,39283),
(15,2020,17400,44159,39689),
(15,2025,17764,44995,40211),
(15,2030,18159,45807,40747),
(15,2035,18543,46539,41310),
(15,2040,18936,47244,41930),
(15,2045,19325,47957,42530),
(15,2050,19673,48659,43099),
(20,2017,27984,77754,21415),
(20,2020,28111,78060,21628),
(20,2025,28315,78582,21900),
(20,2030,28537,79090,22181),
(20,2035,28752,79547,22475),
(20,2040,28972,79988,22799),
(20,2045,29190,80433,23113),
(20,2050,29386,80871,23411),
(22,2017,15239,35742,16180),
(22,2020,15331,35935,16522),
(22,2025,15478,36267,16960),
(22,2030,15638,36588,17412),
(22,2035,15794,36878,17885),
(22,2040,15953,37158,18407),
(22,2045,16111,37439,18911),
(22,2050,16252,37717,19391),
(23,2017,12868,33773,6866),
(23,2020,13112,34344,7051),
(23,2025,13325,34880,7128),
(23,2030,13327,34847,7178),
(23,2035,13341,34842,7298),
(23,2040,13476,35105,7430),
(23,2045,13610,35370,7557),
(23,2050,13731,35632,7679),
(28,2017,9862,24376,15357),
(28,2020,10361,25450,15796),
(28,2025,11121,27186,16255),
(28,2030,11889,28746,16609),
(28,2035,12573,30022,16860),
(28,2040,13214,31138,17020),
(28,2045,13787,32155,17028),
(28,2050,14231,33048,16889),
(5,2017,17593,43032,12370),
(5,2020,17661,43178,12460),
(5,2025,17769,43428,12574),
(5,2030,17887,43670,12691),
(5,2035,18002,43889,12814),
(5,2040,18118,44099,12951),
(5,2045,18235,44312,13083),
(5,2050,18338,44521,13207),
(6,2017,16021,46218,4929),
(6,2020,16557,47533,4970),
(6,2025,17402,49735,5009),
(6,2030,18295,51813,5036),
(6,2035,19138,53623,5051),
(6,2040,19975,55316,5053),
(6,2045,20777,56969,5039),
(6,2050,21467,58550,5016),
(11,2017,4365,12494,4979),
(11,2020,4410,12604,5205),
(11,2025,4467,12751,5452),
(11,2030,4509,12843,5660),
(11,2035,4527,12874,5828),
(11,2040,4525,12857,5966),
(11,2045,4500,12796,6041),
(11,2050,4468,12725,6053),
(18,2017,11067,27911,6437),
(18,2020,11112,28014,6524),
(18,2025,11186,28190,6635),
(18,2030,11266,28361,6749),
(18,2035,11344,28515,6869),
(18,2040,11423,28664,7001),
(18,2045,11502,28813,7129),
(18,2050,11571,28961,7250),
(19,2017,9717,24210,8254),
(19,2020,9994,24833,8451),
(19,2025,10441,25898,8705),
(19,2030,10926,26933,8965),
(19,2035,11397,27865,9239),
(19,2040,11878,28764,9540),
(19,2045,12355,29670,9831),
(19,2050,12782,30565,10108),
(25,2017,7200,22110,1987),
(25,2020,7565,23071,2058),
(25,2025,8155,24714,2149),
(25,2030,8794,26310,2243),
(25,2035,9416,27748,2342),
(25,2040,10050,29135,2449),
(25,2045,10679,30533,2555),
(25,2050,11243,31914,2655),
(26,2017,6257,16775,2601),
(26,2020,6540,17429,2690),
(26,2025,6895,18301,2723),
(26,2030,7150,18837,2794),
(26,2035,7257,19006,2868),
(26,2040,7234,18887,2950),
(26,2045,7073,18506,3029),
(26,2050,6907,18157,3104),
(30,2017,4173,10707,13121),
(30,2020,4621,11693,13867),
(30,2025,5313,13310,14764),
(30,2030,6025,14790,15621),
(30,2035,6674,16033,16453),
(30,2040,7296,17151,17302),
(30,2045,7872,18202,18042),
(30,2050,8338,19162,18663),
(33,2017,4694,11739,1443),
(33,2020,4733,11826,1468),
(33,2025,4778,11936,1494),
(33,2030,4807,11993,1515),
(33,2035,4812,11996,1530),
(33,2040,4796,11954,1541),
(33,2045,4777,11912,1545),
(33,2050,4791,11940,1540),
(43,2017,3313,8998,1442),
(43,2020,3404,9210,1455),
(43,2025,3516,9489,1471),
(43,2030,3595,9655,1488),
(43,2035,3624,9699,1506),
(43,2040,3610,9647,1525),
(43,2045,3550,9507,1544),
(43,2050,3526,9455,1562),
(1,2017,2705,6595,979),
(1,2020,2720,6627,996),
(1,2025,2743,6681,1018),
(1,2030,2769,6734,1040),
(1,2035,2793,6781,1064),
(1,2040,2818,6827,1090),
(1,2045,2843,6873,1115),
(1,2050,2866,6919,1139),
(16,2017,6724,19810,5768),
(16,2020,6869,20206,5997),
(16,2025,7103,20883,6290),
(16,2030,7358,21541,6592),
(16,2035,7604,22133,6908),
(16,2040,7856,22705,7256),
(16,2045,8106,23281,7594),
(16,2050,8329,23850,7914),
(17,2017,4963,12101,5902),
(17,2020,5092,12384,6030),
(17,2025,5301,12867,6194),
(17,2030,5528,13337,6363),
(17,2035,5748,13760,6541),
(17,2040,5973,14168,6736),
(17,2045,6196,14579,6925),
(17,2050,6396,14986,7103),
(21,2017,20582,62391,8177),
(21,2020,20945,63384,8484),
(21,2025,21533,65084,8877),
(21,2030,22170,66736,9282),
(21,2035,22789,68223,9707),
(21,2040,23420,69658,10174),
(21,2045,24047,71104,10626),
(21,2050,24608,72532,11056),
(27,2017,2524,7648,1513),
(27,2020,2652,7995,1652),
(27,2025,2859,8590,1831),
(27,2030,3083,9167,2014),
(27,2035,3301,9687,2207),
(27,2040,3524,10189,2419),
(27,2045,3745,10694,2624),
(27,2050,3942,11194,2820),
(31,2017,999,3173,2394),
(31,2020,1021,3235,2430),
(31,2025,1056,3341,2477),
(31,2030,1094,3444,2525),
(31,2035,1131,3537,2575),
(31,2040,1169,3627,2630),
(31,2045,1206,3717,2684),
(31,2050,1240,3806,2735),
(32,2017,3437,9242,3670),
(32,2020,3499,9389,3854),
(32,2025,3599,9640,4091),
(32,2030,3708,9883,4334),
(32,2035,3814,10103,4590),
(32,2040,3921,10315,4871),
(32,2045,4028,10528,5144),
(32,2050,4124,10739,5402),
(35,2017,1598,4335,571),
(35,2020,1811,4855,743),
(35,2025,2157,5745,963),
(35,2030,2532,6610,1191),
(35,2035,2896,7388,1429),
(35,2040,3268,8139,1691),
(35,2045,3637,8896,1945),
(35,2050,3967,9644,2186),
(37,2017,4617,13887,5693),
(37,2020,4804,14391,5885),
(37,2025,5106,15252,6132),
(37,2030,5434,16089,6386),
(37,2035,5752,16843,6653),
(37,2040,6078,17570,6946),
(37,2045,6400,18303,7231),
(37,2050,6688,19027,7500),
(39,2017,2312,6778,1177),
(39,2020,2335,6839,1248),
(39,2025,2373,6944,1339),
(39,2030,2414,7046,1432),
(39,2035,2454,7138,1531),
(39,2040,2495,7226,1639),
(39,2045,2535,7315,1743),
(39,2050,2572,7403,1843),
(41,2017,968,2969,779),
(41,2020,969,2972,781),
(41,2025,971,2977,784),
(41,2030,973,2982,788),
(41,2035,975,2987,791),
(41,2040,977,2992,794),
(41,2045,980,2996,798),
(41,2050,981,3001,801),
(42,2017,8376,24913,4831),
(42,2020,8683,25736,5173),
(42,2025,9180,27145,5612),
(42,2030,9720,28513,6063),
(42,2035,10244,29745,6536),
(42,2040,10779,30934,7057),
(42,2045,11309,32132,7562),
(42,2050,11784,33316,8041),
(47,2017,397,1084,80),
(47,2020,399,1089,80),
(47,2025,401,1095,81),
(47,2030,404,1102,82),
(47,2035,407,1108,82),
(47,2040,410,1114,83),
(47,2045,413,1120,84),
(47,2050,416,1126,85),
(48,2017,156,413,52),
(48,2020,156,413,52),
(48,2025,157,413,52),
(48,2030,157,414,52),
(48,2035,157,414,52),
(48,2040,157,415,52),
(48,2045,157,415,52),
(48,2050,158,415,52),
(50,2017,1139,3207,424),
(50,2020,1141,3213,425),
(50,2025,1145,3223,425),
(50,2030,1149,3232,425),
(50,2035,1153,3241,425),
(50,2040,1157,3249,426),
(50,2045,1160,3257,426),
(50,2050,1164,3265,427),
(51,2017,109,300,17),
(51,2020,109,301,17),
(51,2025,109,302,18),
(51,2030,110,304,19),
(51,2035,111,305,20),
(51,2040,111,306,21),
(51,2045,112,308,22),
(51,2050,113,309,23),
(52,2017,91,200,68),
(52,2020,92,202,68),
(52,2025,93,205,68),
(52,2030,95,209,68),
(52,2035,97,212,68),
(52,2040,99,214,68),
(52,2045,101,217,68),
(52,2050,102,220,68),
(54,2017,608,1273,104),
(54,2020,612,1282,130),
(54,2025,619,1298,163),
(54,2030,626,1314,197),
(54,2035,633,1327,233),
(54,2040,640,1341,272),
(54,2045,647,1354,311),
(54,2050,654,1368,347),
(55,2017,790,2267,854),
(55,2020,824,2355,917),
(55,2025,880,2506,999),
(55,2030,940,2652,1083),
(55,2035,999,2783,1172),
(55,2040,1059,2910,1269),
(55,2045,1118,3038,1363),
(55,2050,1172,3165,1452),
(10,2017,171,508,221),
(10,2020,175,517,224),
(10,2025,181,535,228),
(10,2030,188,551,233),
(10,2035,195,566,237),
(10,2040,202,580,242),
(10,2045,209,595,246),
(10,2050,215,609,251),
(24,2017,101,334,65),
(24,2020,115,378,65),
(24,2025,139,453,65),
(24,2030,165,526,65),
(24,2035,190,592,65),
(24,2040,215,656,65),
(24,2045,241,720,65),
(24,2050,263,783,65),
(34,2017,984,3032,718),
(34,2020,1009,3098,718),
(34,2025,1049,3209,719),
(34,2030,1092,3318,719),
(34,2035,1134,3415,719),
(34,2040,1176,3509,719),
(34,2045,1219,3604,720),
(34,2050,1257,3698,720),
(36,2017,2,6,0),
(36,2020,2,6,0),
(36,2025,2,6,0),
(36,2030,2,6,0),
(36,2035,2,6,0),
(36,2040,2,6,0),
(36,2045,2,6,0),
(36,2050,2,6,0),
(38,2017,3937,10168,1474),
(38,2020,3977,10253,1525),
(38,2025,4042,10400,1591),
(38,2030,4113,10542,1658),
(38,2035,4181,10670,1729),
(38,2040,4251,10794,1807),
(38,2045,4321,10919,1883),
(38,2050,4383,11042,1955),
(40,2017,9,24,0),
(40,2020,11,29,29),
(40,2025,15,39,67),
(40,2030,19,48,105),
(40,2035,23,56,146),
(40,2040,26,64,190),
(40,2045,30,71,233),
(40,2050,34,79,274),
(44,2017,74,214,5),
(44,2020,87,247,6),
(44,2025,108,304,6),
(44,2030,131,360,6),
(44,2035,153,409,7),
(44,2040,176,458,7),
(44,2045,199,506,7),
(44,2050,219,554,8),
(45,2017,40,91,217),
(45,2020,40,91,217),
(45,2025,40,91,217),
(45,2030,40,91,217),
(45,2035,40,91,217),
(45,2040,40,91,217),
(45,2045,40,91,217),
(45,2050,40,91,217),
(46,2017,1310,4234,446),
(46,2020,1338,4314,448),
(46,2025,1385,4452,450),
(46,2030,1435,4586,451),
(46,2035,1484,4706,454),
(46,2040,1533,4822,456),
(46,2045,1583,4939,458),
(46,2050,1627,5055,460),
(57,2017,356,1181,66),
(57,2020,360,1192,66),
(57,2025,366,1210,66),
(57,2030,372,1227,66),
(57,2035,378,1243,66),
(57,2040,384,1258,66),
(57,2045,390,1273,66),
(57,2050,396,1289,66),
(58,2017,4,8,2),
(58,2020,5,11,2),
(58,2025,7,16,2),
(58,2030,9,21,2),
(58,2035,11,25,2),
(58,2040,13,29,2),
(58,2045,15,34,2),
(58,2050,17,38,2),
(60,2017,121,331,6),
(60,2020,121,331,6),
(60,2025,121,331,6),
(60,2030,121,331,6),
(60,2035,121,331,6),
(60,2040,121,331,6),
(60,2045,121,331,6),
(60,2050,121,331,6),
(61,2017,295,799,34),
(61,2020,300,811,34),
(61,2025,309,832,35),
(61,2030,318,852,35),
(61,2035,327,870,35),
(61,2040,336,887,35),
(61,2045,345,905,36),
(61,2050,353,922,36),
(62,2017,23,85,1),
(62,2020,23,85,1),
(62,2025,23,85,1),
(62,2030,23,85,1),
(62,2035,23,85,1),
(62,2040,23,85,1),
(62,2045,23,85,1),
(62,2050,23,85,1),
(3,2017,45021,129321,26590),
(3,2020,45253,129893,26862),
(3,2025,45629,130870,27211),
(3,2030,46037,131820,27570),
(3,2035,46432,132676,27947),
(3,2040,46836,133501,28361),
(3,2045,47237,134333,28763),
(3,2050,47596,135155,29144),
(65,2017,13785,31277,28339),
(65,2020,14625,33088,29862),
(65,2025,15857,35904,31709),
(65,2030,17034,38284,33486),
(65,2035,18006,40068,35228),
(65,2040,18834,41467,37022),
(65,2045,19485,42579,38610),
(65,2050,19872,43364,39964),
(70,2017,6062,15818,2780),
(70,2020,6527,16870,4286),
(70,2025,7217,18523,6199),
(70,2030,7886,19946,8149),
(70,2035,8451,21041,10177),
(70,2040,8949,21931,12387),
(70,2045,9357,22673,14504),
(70,2050,9626,23244,16490),
(64,2017,5066,12204,5770),
(64,2020,5691,13617,6286),
(64,2025,6696,16022,6939),
(64,2030,7781,18346,7602),
(64,2035,8829,20425,8292),
(64,2040,9892,22419,9040),
(64,2045,10941,24417,9756),
(64,2050,11873,26379,10425),
(69,2017,9609,23401,7658),
(69,2020,10055,24434,8148),
(69,2025,10775,26202,8776),
(69,2030,11557,27917,9423),
(69,2035,12314,29460,10102),
(69,2040,13087,30947,10849),
(69,2045,13852,32446,11572),
(69,2050,14538,33923,12259),
(71,2017,4153,9800,6750),
(71,2020,4261,10036,7409),
(71,2025,4435,10438,8238),
(71,2030,4623,10826,9074),
(71,2035,4804,11173,9934),
(71,2040,4989,11507,10862),
(71,2045,5170,11842,11741),
(71,2050,5331,12170,12552),
(66,2017,3936,9440,1623),
(66,2020,4037,9671,1730),
(66,2025,4199,10065,1866),
(66,2030,4375,10447,2006),
(66,2035,4545,10792,2153),
(66,2040,4720,11125,2315),
(66,2045,4893,11460,2472),
(66,2050,5048,11791,2621),
(67,2017,5570,14524,2664),
(67,2020,5714,14875,2806),
(67,2025,5948,15476,2987),
(67,2030,6201,16060,3174),
(67,2035,6447,16586,3370),
(67,2040,6698,17093,3586),
(67,2045,6946,17605,3795),
(67,2050,7169,18109,3993),
(68,2017,8440,23134,3835),
(68,2020,8611,23575,3927),
(68,2025,8887,24331,4045),
(68,2030,9187,25065,4167),
(68,2035,9479,25726,4294),
(68,2040,9776,26363,4435),
(68,2045,10071,27006,4570),
(68,2050,10335,27640,4699),
(72,2017,191,487,78),
(72,2020,277,702,81),
(72,2025,417,1070,86),
(72,2030,568,1428,90),
(72,2035,714,1750,95),
(72,2040,864,2061,101),
(72,2045,1013,2374,106),
(72,2050,1146,2683,111),
(73,2017,1009,2346,921),
(73,2020,1086,2513,967),
(73,2025,1211,2799,1026),
(73,2030,1347,3076,1086),
(73,2035,1478,3326,1150),
(73,2040,1612,3567,1220),
(73,2045,1745,3810,1288),
(73,2050,1865,4050,1353),
(63,2017,38924,104302,18133),
(63,2020,39232,105077,18433),
(63,2025,39728,106403,18819),
(63,2030,40267,107692,19215),
(63,2035,40790,108852,19631),
(63,2040,41325,109971,20089),
(63,2045,41854,111099,20532),
(63,2050,42329,112213,20953),
(59,2017,63516,160907,53964),
(59,2020,64119,162213,54968),
(59,2025,65095,164448,56255),
(59,2030,66153,166620,57581),
(59,2035,67181,168575,58971),
(59,2040,68230,170461,60500),
(59,2045,69270,172363,61982),
(59,2050,70202,174240,63388),
(79,2017,20991,50338,17482),
(79,2020,21378,51153,18018),
(79,2025,21649,51773,18365),
(79,2030,21615,51653,18337),
(79,2035,21858,52103,18476),
(79,2040,22106,52537,18780),
(79,2045,22352,52975,19074),
(79,2050,22572,53407,19353),
(80,2017,9554,24056,2725),
(80,2020,9640,24243,2789),
(80,2025,9780,24564,2872),
(80,2030,9932,24875,2957),
(80,2035,10079,25155,3046),
(80,2040,10230,25425,3145),
(80,2045,10379,25698,3239),
(80,2050,10512,25967,3329),
(85,2017,13051,33326,17094),
(85,2020,13643,34653,17793),
(85,2025,14335,36306,18379),
(85,2030,14750,37137,18633),
(85,2035,14795,37104,18548),
(85,2040,14499,36366,18411),
(85,2045,14359,36023,18709),
(85,2050,14571,36465,18992),
(138,2017,3818,9900,1202),
(138,2020,3956,10210,1246),
(138,2025,4178,10740,1303),
(138,2030,4420,11255,1361),
(138,2035,4654,11718,1422),
(138,2040,4893,12166,1489),
(138,2045,5130,12617,1555),
(138,2050,5343,13062,1617),
(76,2017,3530,9324,4498),
(76,2020,4046,10513,5195),
(76,2025,4879,12549,6087),
(76,2030,5782,14526,7004),
(76,2035,6659,16307,7965),
(76,2040,7555,18025,9022),
(76,2045,8443,19756,10044),
(76,2050,9239,21466,11013),
(81,2017,2210,5324,527),
(81,2020,2218,5340,528),
(81,2025,2230,5370,530),
(81,2030,2245,5398,532),
(81,2035,2257,5423,534),
(81,2040,2271,5447,536),
(81,2045,2285,5471,538),
(81,2050,2297,5495,540),
(83,2017,3617,9121,13871),
(83,2020,3641,9174,14002),
(83,2025,3681,9264,13988),
(83,2030,3724,9351,14056),
(83,2035,3765,9430,14128),
(83,2040,3808,9506,14206),
(83,2045,3850,9582,14282),
(83,2050,3888,9658,14354),
(88,2017,3542,8463,14741),
(88,2020,3854,9125,15724),
(88,2025,4340,10220,16958),
(88,2030,4845,11236,18197),
(88,2035,5313,12101,19465),
(88,2040,5767,12892,20830),
(88,2045,6194,13649,22113),
(88,2050,6550,14354,23293),
(166,2017,21805,59848,10876),
(166,2020,22011,60387,11147),
(166,2025,22314,61227,11452),
(166,2030,22606,61942,11720),
(166,2035,22849,62484,11954),
(166,2040,23058,62915,12165),
(166,2045,23226,63264,12312),
(166,2050,23330,63520,12393),
(74,2017,2736,6497,779),
(74,2020,2768,6565,790),
(74,2025,2821,6680,804),
(74,2030,2877,6792,818),
(74,2035,2933,6892,833),
(74,2040,2989,6990,850),
(74,2045,3045,7088,866),
(74,2050,3095,7184,881),
(77,2017,4438,9473,11394),
(77,2020,4662,9902,11572),
(77,2025,5023,10636,11799),
(77,2030,5417,11349,12034),
(77,2035,5798,11991,12280),
(77,2040,6188,12610,12550),
(77,2045,6574,13234,12812),
(77,2050,6920,13851,13061),
(78,2017,310,815,227),
(78,2020,320,838,245),
(78,2025,336,876,267),
(78,2030,354,914,291),
(78,2035,371,948,316),
(78,2040,389,981,343),
(78,2045,406,1014,369),
(78,2050,421,1046,395),
(82,2017,399,975,371),
(82,2020,440,1056,401),
(82,2025,506,1194,439),
(82,2030,577,1328,478),
(82,2035,646,1449,519),
(82,2040,717,1566,564),
(82,2045,787,1683,608),
(82,2050,850,1799,649),
(84,2017,1057,2950,922),
(84,2020,1096,3041,1078),
(84,2025,1158,3197,1278),
(84,2030,1225,3348,1485),
(84,2035,1290,3484,1701),
(84,2040,1357,3616,1939),
(84,2045,1423,3748,2170),
(84,2050,1482,3879,2389),
(86,2017,2500,7651,1329),
(86,2020,2588,7873,1459),
(86,2025,2731,8254,1627),
(86,2030,2886,8624,1800),
(86,2035,3036,8957,1981),
(86,2040,3190,9278,2180),
(86,2045,3342,9602,2373),
(86,2050,3478,9922,2557),
(87,2017,3996,10327,1835),
(87,2020,4200,10804,1991),
(87,2025,4528,11621,2191),
(87,2030,4885,12414,2396),
(87,2035,5231,13128,2612),
(87,2040,5585,13817,2850),
(87,2045,5935,14512,3080),
(87,2050,6249,15197,3298),
(89,2017,6953,20444,5218),
(89,2020,7195,21077,5343),
(89,2025,7587,22161,5502),
(89,2030,8011,23213,5666),
(89,2035,8423,24161,5839),
(89,2040,8844,25076,6028),
(89,2045,9261,25998,6212),
(89,2050,9635,26908,6386),
(90,2017,164,435,81),
(90,2020,177,471,105),
(90,2025,198,533,136),
(90,2030,222,593,168),
(90,2035,245,646,202),
(90,2040,268,698,239),
(90,2045,291,751,275),
(90,2050,311,803,309),
(91,2017,224,665,54),
(91,2020,230,682,55),
(91,2025,240,711,55),
(91,2030,250,739,56),
(91,2035,261,764,57),
(91,2040,271,788,58),
(91,2045,282,813,58),
(91,2050,291,837,59),
(92,2017,1707,4341,2276),
(92,2020,1844,4661,2301),
(92,2025,2064,5209,2333),
(92,2030,2304,5741,2366),
(92,2035,2536,6220,2400),
(92,2040,2773,6683,2438),
(92,2045,3008,7149,2475),
(92,2050,3219,7609,2510),
(93,2017,171,488,82),
(93,2020,176,500,91),
(93,2025,184,521,102),
(93,2030,192,541,113),
(93,2035,201,559,125),
(93,2040,209,577,138),
(93,2045,218,595,150),
(93,2050,225,612,162),
(141,2017,2765,6621,2048),
(141,2020,2771,6632,2100),
(141,2025,2780,6652,2167),
(141,2030,2789,6671,2236),
(141,2035,2799,6688,2308),
(141,2040,2808,6704,2387),
(141,2045,2818,6721,2465),
(141,2050,2826,6737,2538),
(142,2017,14,55,1737),
(142,2020,14,55,2170),
(142,2025,14,55,2726),
(142,2030,14,55,3298),
(142,2035,14,55,3899),
(142,2040,14,55,4559),
(142,2045,14,55,5199),
(142,2050,14,55,5806),
(53,2017,39974,118691,18716),
(53,2020,41672,123545,19130),
(53,2025,44419,131851,19660),
(53,2030,47398,139921,20206),
(53,2035,50291,147187,20779),
(53,2040,53245,154199,21409),
(53,2045,56172,161264,22019),
(53,2050,58796,168242,22598),
(75,2017,3885,13374,12651),
(75,2020,3934,13537,13405),
(75,2025,4013,13815,14369),
(75,2030,4099,14086,15363),
(75,2035,4183,14329,16405),
(75,2040,4268,14564,17552),
(75,2045,4353,14801,18663),
(75,2050,4429,15035,19718),
(150,2017,67,193,43),
(150,2020,82,235,44),
(150,2025,106,306,45),
(150,2030,132,374,46),
(150,2035,158,436,47),
(150,2040,184,496,49),
(150,2045,209,556,50),
(150,2050,232,616,51),
(151,2017,2608,7868,364),
(151,2020,2685,8089,364),
(151,2025,2808,8469,365),
(151,2030,2942,8837,365),
(151,2035,3072,9169,365),
(151,2040,3204,9489,365),
(151,2045,3336,9812,366),
(151,2050,3454,10130,366),
(152,2017,2,9,0),
(152,2020,3,10,0),
(152,2025,4,13,0),
(152,2030,4,16,0),
(152,2035,5,18,0),
(152,2040,6,21,0),
(152,2045,7,23,0),
(152,2050,7,25,0),
(153,2017,93,216,14),
(153,2020,146,333,14),
(153,2025,231,533,14),
(153,2030,323,727,14),
(153,2035,412,902,14),
(153,2040,503,1071,14),
(153,2045,594,1241,14),
(153,2050,675,1409,14),
(154,2017,47,136,6),
(154,2020,48,139,7),
(154,2025,50,145,8),
(154,2030,52,150,9),
(154,2035,54,155,10),
(154,2040,56,160,11),
(154,2045,58,165,12),
(154,2050,59,170,13),
(155,2017,92,266,19),
(155,2020,95,277,19),
(155,2025,102,296,19),
(155,2030,109,315,19),
(155,2035,115,331,19),
(155,2040,122,347,19),
(155,2045,129,363,19),
(155,2050,135,379,20),
(156,2017,14,47,0),
(156,2020,14,47,0),
(156,2025,14,48,0),
(156,2030,14,48,0),
(156,2035,14,48,0),
(156,2040,15,49,0),
(156,2045,15,49,0),
(156,2050,15,49,0),
(157,2017,212,664,4819),
(157,2020,212,664,5148),
(157,2025,212,664,5570),
(157,2030,212,664,6005),
(157,2035,212,664,6461),
(157,2040,212,664,6962),
(157,2045,212,664,7448),
(157,2050,212,664,7909),
(158,2017,2505,6625,1855),
(158,2020,2556,6753,1861),
(158,2025,2637,6972,1870),
(158,2030,2725,7185,1879),
(158,2035,2811,7377,1889),
(158,2040,2899,7561,1899),
(158,2045,2985,7748,1910),
(158,2050,3063,7932,1919),
(159,2017,891,2406,97),
(159,2020,892,2409,97),
(159,2025,894,2414,98),
(159,2030,896,2419,98),
(159,2035,897,2423,98),
(159,2040,899,2427,99),
(159,2045,901,2431,99),
(159,2050,903,2435,99),
(160,2017,73,238,5),
(160,2020,79,255,34),
(160,2025,87,284,70),
(160,2030,97,312,107),
(160,2035,106,338,147),
(160,2040,116,362,190),
(160,2045,125,387,232),
(160,2050,133,412,272),
(161,2017,4,13,9),
(161,2020,4,13,9),
(161,2025,4,13,10),
(161,2030,4,13,10),
(161,2035,4,13,10),
(161,2040,4,13,11),
(161,2045,4,13,11),
(161,2050,4,13,12),
(162,2017,2768,6845,1165),
(162,2020,2833,7000,1208),
(162,2025,2938,7265,1264),
(162,2030,3052,7522,1321),
(162,2035,3163,7754,1382),
(162,2040,3276,7978,1448),
(162,2045,3388,8203,1512),
(162,2050,3489,8426,1573),
(163,2017,5,10,0),
(163,2020,7,15,0),
(163,2025,12,24,0),
(163,2030,16,33,0),
(163,2035,21,41,0),
(163,2040,25,48,0),
(163,2045,30,56,0),
(163,2050,34,63,0),
(164,2017,1,5,0),
(164,2020,2,11,0),
(164,2025,4,20,0),
(164,2030,6,30,0),
(164,2035,8,38,0),
(164,2040,10,47,0),
(164,2045,12,55,0),
(164,2050,14,63,0),
(165,2017,570,1681,407),
(165,2020,605,1780,411),
(165,2025,661,1948,416),
(165,2030,721,2111,421),
(165,2035,780,2259,427),
(165,2040,841,2401,433),
(165,2045,900,2544,438),
(165,2050,954,2685,444),
(29,2017,59710,166062,22912),
(29,2020,60578,168235,23262),
(29,2025,61983,171953,23710),
(29,2030,63506,175566,24172),
(29,2035,64986,178819,24657),
(29,2040,66497,181957,25190),
(29,2045,67994,185120,25706),
(29,2050,69336,188244,26196),
(95,2017,37043,91521,69793),
(95,2020,37406,92352,70736),
(95,2025,37994,93775,71945),
(95,2030,38630,95156,73190),
(95,2035,39248,96402,74495),
(95,2040,39879,97602,75931),
(95,2045,40505,98812,77323),
(95,2050,41066,100007,78644),
(94,2017,11883,30610,13229),
(94,2020,12027,30944,13551),
(94,2025,12258,31517,13963),
(94,2030,12509,32074,14388),
(94,2035,12753,32575,14833),
(94,2040,13002,33058,15323),
(94,2045,13248,33545,15798),
(94,2050,13469,34027,16249),
(139,2017,6263,16271,4027),
(139,2020,6653,17190,4272),
(139,2025,7234,18642,4433),
(139,2030,7801,19900,4429),
(139,2035,8285,20879,4473),
(139,2040,8716,21683,4609),
(139,2045,9075,22367,4741),
(139,2050,9319,22909,4866),
(98,2017,16388,37739,9252),
(98,2020,16820,38653,9509),
(98,2025,17442,40051,9812),
(98,2030,18022,41198,10096),
(98,2035,18481,42020,10364),
(98,2040,18853,42622,10630),
(98,2045,19118,43053,10852),
(98,2050,19238,43294,11027),
(99,2017,1015,3045,170),
(99,2020,1078,3225,178),
(99,2025,1181,3532,189),
(99,2030,1292,3831,201),
(99,2035,1400,4100,213),
(99,2040,1511,4359,226),
(99,2045,1620,4620,239),
(99,2050,1718,4878,251),
(100,2017,7396,18313,3459),
(100,2020,7568,18705,3659),
(100,2025,7838,19357,3899),
(100,2030,8121,19967,4129),
(100,2035,8385,20492,4353),
(100,2040,8644,20978,4581),
(100,2045,8891,21448,4780),
(100,2050,9100,21891,4947),
(101,2017,8298,20176,6135),
(101,2020,8350,20292,6178),
(101,2025,8434,20489,6234),
(101,2030,8526,20682,6292),
(101,2035,8614,20855,6352),
(101,2040,8705,21022,6418),
(101,2045,8795,21191,6483),
(101,2050,8875,21357,6544),
(102,2017,11164,29970,4120),
(102,2020,11266,30199,4158),
(102,2025,11430,30590,4206),
(102,2030,11608,30970,4256),
(102,2035,11781,31313,4309),
(102,2040,11957,31643,4366),
(102,2045,12133,31975,4422),
(102,2050,12290,32304,4475),
(103,2017,14661,43465,5138),
(103,2020,15346,45323,5292),
(103,2025,16198,47784,5489),
(103,2030,16801,49273,5693),
(103,2035,17040,49704,5907),
(103,2040,16957,49298,6141),
(103,2045,16531,48131,6369),
(103,2050,15789,46285,6584),
(104,2017,1440,4395,345),
(104,2020,1527,4609,386),
(104,2025,1648,4926,438),
(104,2030,1756,5174,492),
(104,2035,1836,5337,549),
(104,2040,1892,5440,611),
(104,2045,1925,5493,672),
(104,2050,1924,5493,729),
(105,2017,9705,28218,2013),
(105,2020,10144,29379,2059),
(105,2025,10803,31227,2119),
(105,2030,11453,32846,2177),
(105,2035,12016,34126,2236),
(105,2040,12524,35201,2299),
(105,2045,12960,36137,2358),
(105,2050,13270,36906,2411),
(106,2017,22708,63983,13414),
(106,2020,25033,70043,15516),
(106,2025,28734,80259,18136),
(106,2030,32676,89990,20747),
(106,2035,36428,98555,23400),
(106,2040,40185,106645,26233),
(106,2045,43831,114633,28872),
(106,2050,47010,122352,31272),
(108,2017,4908,14050,4115),
(108,2020,4931,14108,4151),
(108,2025,4967,14208,4197),
(108,2030,5007,14305,4245),
(108,2035,5046,14392,4294),
(108,2040,5084,14476,4349),
(108,2045,5124,14561,4403),
(108,2050,5159,14645,4453),
(109,2017,13147,37735,3798),
(109,2020,13195,37858,3847),
(109,2025,13272,38069,3907),
(109,2030,13355,38274,3971),
(109,2035,13436,38458,4038),
(109,2040,13519,38637,4112),
(109,2045,13601,38816,4182),
(109,2050,13675,38993,4249),
(111,2017,6656,18090,10393),
(111,2020,7300,19757,12074),
(111,2025,8339,22605,14190),
(111,2030,9465,25366,16319),
(111,2035,10556,27846,18505),
(111,2040,11668,30234,20862),
(111,2045,12766,32635,23088),
(111,2050,13749,35001,25141),
(118,2017,1396,3681,225),
(118,2020,1435,3775,231),
(118,2025,1498,3936,240),
(118,2030,1566,4091,247),
(118,2035,1631,4229,256),
(118,2040,1697,4362,265),
(118,2045,1762,4494,273),
(118,2050,1820,4625,280),
(120,2017,8166,20592,11054),
(120,2020,8300,20911,11364),
(120,2025,8509,21441,11758),
(120,2030,8726,21934,12158),
(120,2035,8929,22358,12573),
(120,2040,9128,22749,13024),
(120,2045,9316,23125,13454),
(120,2050,9474,23478,13855),
(96,2017,2295,6533,608),
(96,2020,2331,6629,621),
(96,2025,2389,6793,638),
(96,2030,2452,6952,655),
(96,2035,2513,7096,673),
(96,2040,2576,7234,693),
(96,2045,2638,7374,712),
(96,2050,2693,7511,730),
(110,2017,5381,15823,10425),
(110,2020,5542,16293,10941),
(110,2025,5803,17096,11603),
(110,2030,6086,17877,12284),
(110,2035,6360,18580,12999),
(110,2040,6640,19259,13785),
(110,2045,6918,19942,14547),
(110,2050,7167,20617,15270),
(112,2017,3992,9818,6307),
(112,2020,4143,10162,6573),
(112,2025,4388,10751,6915),
(112,2030,4654,11324,7266),
(112,2035,4913,11839,7635),
(112,2040,5176,12336,8041),
(112,2045,5438,12837,8434),
(112,2050,5672,13332,8807),
(113,2017,10965,31708,5798),
(113,2020,11447,32982,6270),
(113,2025,12226,35163,6876),
(113,2030,13070,37282,7499),
(113,2035,13891,39189,8153),
(113,2040,14729,41030,8872),
(113,2045,15559,42885,9569),
(113,2050,16303,44717,10230),
(114,2017,1716,5019,1018),
(114,2020,1822,5325,1179),
(114,2025,1993,5848,1387),
(114,2030,2179,6357,1600),
(114,2035,2359,6814,1825),
(114,2040,2543,7256,2071),
(114,2045,2726,7701,2310),
(114,2050,2890,8140,2536),
(115,2017,465,1360,95),
(115,2020,468,1370,97),
(115,2025,474,1386,99),
(115,2030,480,1402,102),
(115,2035,485,1417,104),
(115,2040,491,1431,107),
(115,2045,497,1445,110),
(115,2050,502,1458,112),
(116,2017,581,1390,608),
(116,2020,602,1438,649),
(116,2025,635,1520,702),
(116,2030,671,1599,755),
(116,2035,706,1671,812),
(116,2040,742,1740,874),
(116,2045,777,1810,934),
(116,2050,809,1879,992),
(123,2017,2573,6639,3870),
(123,2020,2756,7076,4061),
(123,2025,3051,7825,4305),
(123,2030,3371,8552,4557),
(123,2035,3682,9207,4821),
(123,2040,4000,9838,5112),
(123,2045,4314,10475,5393),
(123,2050,4596,11104,5661),
(128,2017,820,2190,265),
(128,2020,835,2231,323),
(128,2025,860,2302,398),
(128,2030,888,2370,476),
(128,2035,914,2432,557),
(128,2040,941,2492,646),
(128,2045,968,2552,732),
(128,2050,992,2612,815),
(129,2017,1261,3479,997),
(129,2020,1470,3991,1198),
(129,2025,1809,4866,1455),
(129,2030,2176,5717,1721),
(129,2035,2533,6483,1999),
(129,2040,2897,7222,2305),
(129,2045,3258,7967,2602),
(129,2050,3581,8703,2883),
(131,2017,78,175,41),
(131,2020,80,180,42),
(131,2025,83,187,43),
(131,2030,87,195,44),
(131,2035,90,202,45),
(131,2040,94,208,46),
(131,2045,97,215,47),
(131,2050,101,221,47),
(97,2017,619,1791,205),
(97,2020,632,1824,206),
(97,2025,653,1882,207),
(97,2030,675,1937,209),
(97,2035,697,1988,210),
(97,2040,720,2036,211),
(97,2045,742,2085,212),
(97,2050,762,2133,214),
(107,2017,3403,9592,1127),
(107,2020,3515,9897,1129),
(107,2025,3697,10419,1131),
(107,2030,3894,10926,1133),
(107,2035,4085,11382,1135),
(107,2040,4281,11823,1137),
(107,2045,4475,12267,1140),
(107,2050,4648,12705,1142),
(117,2017,323,851,8),
(117,2020,325,857,8),
(117,2025,329,866,8),
(117,2030,333,875,8),
(117,2035,337,883,8),
(117,2040,341,891,8),
(117,2045,345,899,8),
(117,2050,348,906,8),
(119,2017,8,19,0),
(119,2020,8,20,0),
(119,2025,9,22,0),
(119,2030,10,24,0),
(119,2035,11,25,0),
(119,2040,12,27,1),
(119,2045,13,29,1),
(119,2050,14,30,1),
(121,2017,58,177,890),
(121,2020,58,177,893),
(121,2025,58,177,898),
(121,2030,58,177,902),
(121,2035,58,177,907),
(121,2040,58,177,912),
(121,2045,58,177,917),
(121,2050,58,177,922),
(122,2017,1818,5560,220),
(122,2020,1900,5795,249),
(122,2025,2033,6196,286),
(122,2030,2177,6586,324),
(122,2035,2317,6938,364),
(122,2040,2459,7277,408),
(122,2045,2601,7618,451),
(122,2050,2728,7956,492),
(124,2017,169,542,22),
(124,2020,190,604,27),
(124,2025,225,711,33),
(124,2030,262,815,39),
(124,2035,299,909,46),
(124,2040,336,999,53),
(124,2045,372,1090,60),
(124,2050,405,1180,66),
(125,2017,488,1529,336),
(125,2020,538,1667,353),
(125,2025,618,1905,375),
(125,2030,705,2135,398),
(125,2035,789,2343,422),
(125,2040,875,2544,449),
(125,2045,961,2745,475),
(125,2050,1037,2945,499),
(126,2017,469,1327,307),
(126,2020,507,1424,324),
(126,2025,567,1591,346),
(126,2030,633,1754,368),
(126,2035,697,1900,391),
(126,2040,762,2041,416),
(126,2045,826,2183,441),
(126,2050,884,2324,464),
(127,2017,5057,16371,2146),
(127,2020,5148,16637,2196),
(127,2025,5297,17092,2261),
(127,2030,5458,17535,2327),
(127,2035,5615,17933,2396),
(127,2040,5774,18317,2473),
(127,2045,5933,18704,2547),
(127,2050,6075,19087,2617),
(130,2017,52,151,190),
(130,2020,94,244,260),
(130,2025,162,405,349),
(130,2030,236,560,441),
(130,2035,307,701,537),
(130,2040,380,836,643),
(130,2045,453,972,745),
(130,2050,517,1107,843),
(132,2017,61,134,5099),
(132,2020,61,134,5381),
(132,2025,61,134,5742),
(132,2030,61,134,6115),
(132,2035,61,134,6506),
(132,2040,61,134,6935),
(132,2045,61,134,7351),
(132,2050,61,134,7747),
(133,2017,61,158,9),
(133,2020,91,219,9),
(133,2025,140,324,9),
(133,2030,193,425,10),
(133,2035,244,516,10),
(133,2040,296,605,10),
(133,2045,348,693,11),
(133,2050,394,781,11),
(134,2017,0,0,5696),
(134,2020,0,0,5977),
(134,2025,0,0,6337),
(134,2030,0,0,6708),
(134,2035,0,0,7097),
(134,2040,0,0,7525),
(134,2045,0,0,7939),
(134,2050,0,0,8333),
(135,2017,23,60,31),
(135,2020,57,145,31),
(135,2025,112,290,31),
(135,2030,172,431,31),
(135,2035,229,558,32),
(135,2040,288,680,32),
(135,2045,347,803,32),
(135,2050,399,925,32),
(136,2017,5,16,3),
(136,2020,181,359,17),
(136,2025,465,947,34),
(136,2030,774,1518,52),
(136,2035,1073,2032,71),
(136,2040,1379,2528,92),
(136,2045,1682,3027,112),
(136,2050,1953,3521,131),
(137,2017,36,83,1),
(137,2020,54,121,8),
(137,2025,82,184,17),
(137,2030,114,246,26),
(137,2035,144,302,36),
(137,2040,175,355,46),
(137,2045,206,409,56),
(137,2050,234,463,66),
(49,2017,45848,131405,24326),
(49,2020,46800,133869,24776),
(49,2025,48339,138084,25354),
(49,2030,50008,142180,25949),
(49,2035,51631,145868,26573),
(49,2040,53285,149426,27259),
(49,2045,54925,153012,27924),
(49,2050,56396,156553,28555);
